<?xml version="1.0" encoding="utf-8"?>
<COLLADA version="1.4.0" xmlns="http://www.collada.org/2005/11/COLLADASchema">
  <asset>
    <contributor>
      <author>www.makehuman.org</author>
    </contributor>
    <created>Fri, 02 Feb 2018 20:59:14 +0000</created>
    <modified>Fri, 02 Feb 2018 20:59:14 +0000</modified>
    <unit meter="0.1000" name="decimeter"/>
    <up_axis>Y_UP</up_axis>
  </asset>

  <library_images>
    <image id="brown_eye_png" name="brown_eye_png">
      <init_from>textures\brown_eye.png</init_from>
    </image>
  </library_images>

  <library_effects>
    <effect id="DefaultSkin-effect">
      <profile_COMMON>
        <technique sid="common">
          <phong>
            <diffuse>
              <color>0.8430 0.6390 0.5170 1.0000</color> 
            </diffuse>
            <transparency>
            </transparency>
            <specular>
              <color>0.3000 0.3000 0.3000 1.0000</color> 
            </specular>
            <shininess><float>245.76</float></shininess>
            <normal>
            </normal>
            <bump>
            </bump>
            <displacement>
            </displacement>
          </phong>
          <extra/>
        </technique>
        <extra>
          <technique profile="GOOGLEEARTH">
            <show_double_sided>1</show_double_sided>
          </technique>
        </extra>
      </profile_COMMON>
      <extra><technique profile="MAX3D"><double_sided>1</double_sided></technique></extra>
    </effect>
    <effect id="Eye_brown-effect">
      <profile_COMMON>
        <newparam sid="brown_eye_png-surface">
          <surface type="2D">
            <init_from>brown_eye_png</init_from>
          </surface>
        </newparam>
        <newparam sid="brown_eye_png-sampler">
          <sampler2D>
            <source>brown_eye_png-surface</source>
          </sampler2D>
        </newparam>
        <technique sid="common">
          <phong>
            <diffuse>
              <color>1.0000 1.0000 1.0000 0.0000</color> 
              <texture texture="brown_eye_png-sampler" texcoord="UVTex"/>
            </diffuse>
            <transparency>
              <texture texture="brown_eye_png-sampler" texcoord="UVTex"/>
            </transparency>
            <specular>
              <color>1.0000 1.0000 1.0000 0.0000</color> 
            </specular>
            <shininess><float>256.0</float></shininess>
            <normal>
            </normal>
            <bump>
            </bump>
            <displacement>
            </displacement>
          </phong>
          <extra/>
        </technique>
        <extra>
          <technique profile="GOOGLEEARTH">
            <show_double_sided>1</show_double_sided>
          </technique>
        </extra>
      </profile_COMMON>
      <extra><technique profile="MAX3D"><double_sided>1</double_sided></technique></extra>
    </effect>
  </library_effects>

  <library_materials>
    <material id="DefaultSkin" name="DefaultSkin">
      <instance_effect url="#DefaultSkin-effect"/>
    </material>
    <material id="Eye_brown" name="Eye_brown">
      <instance_effect url="#Eye_brown-effect"/>
    </material>
  </library_materials>

  <library_controllers>

    <controller id="npc000-male1591-skin">
      <skin source="#npc000-male1591Mesh">
        <bind_shape_matrix>
          1 0 0 0
          0 1 0 0
          0 0 1 0
          0 0 0 1
        </bind_shape_matrix>
        <source id="npc000-male1591-skin-joints">
          <IDREF_array count="52" id="npc000-male1591-skin-joints-array">
            hips thigh_L thigh_R spine shin_L shin_R chest foot_L foot_R chest-1 toe_L toe_R shoulder_R shoulder_L neck upper_arm_R upper_arm_L head forearm_R forearm_L hand_R hand_L f_ring_01_R f_pinky_01_R thumb_01_R f_middle_01_R f_index_01_R f_pinky_01_L f_ring_01_L f_index_01_L f_middle_01_L thumb_01_L f_ring_02_R f_pinky_02_R thumb_02_R f_middle_02_R f_index_02_R f_pinky_02_L f_ring_02_L f_index_02_L f_middle_02_L thumb_02_L f_ring_03_R f_pinky_03_R thumb_03_R f_middle_03_R f_index_03_R f_pinky_03_L f_ring_03_L f_index_03_L f_middle_03_L thumb_03_L
          </IDREF_array>
          <technique_common>
            <accessor count="52" source="#npc000-male1591-skin-joints-array" stride="1">
              <param type="IDREF" name="JOINT"></param>
            </accessor>
          </technique_common>
        </source>
        <source id="npc000-male1591-skin-weights">
          <float_array count="2741" id="npc000-male1591-skin-weights-array">
           0.995777 0.266246 0.683604 0.22431 0.67161 0.00904997 0.00234019 0.0111779 0.614485 0.162703 0.996159 1.0 0.743168 0.603368 1.0 0.58449 0.227358 0.132827 0.894818 0.896776 0.916505 0.370026 0.922087 0.940029 0.0526736 0.0868258 0.0912599 0.0288664 0.00055198 0.125457 0.747253 0.907386 0.69884 0.266863 0.894146 0.671858 0.114261 0.150696 0.724538 0.65484 0.136331 0.638582 0.120558 1.0 1.0 0.673626 0.96876 0.994965 1.0 0.328264 0.266246 0.683604 0.22431 0.67161 0.00904997 0.00234019 0.0111779 0.614485 0.162703 0.996159 1.0 1.0 0.743168 0.603368 1.0 0.58449 0.227358 0.132827 0.894818 0.896776 0.916505 0.370026 0.922087 0.989525 0.940029 0.0526736 0.0868258 0.0912599 0.0288664 0.00055198 0.125457 0.747253 0.69884 0.266863 0.894146 0.671858 0.114261 0.150696 0.724538 0.65484 0.136331 0.638582 0.120558 0.104229 0.733754 0.316396 0.77569 0.328389 0.385515 0.244489 0.968619 1.0 0.837297 1.0 0.00384091 0.256832 0.396632 0.41551 0.772641 0.867173 0.0870431 0.083666 0.0365305 0.629974 0.0779131 0.00192722 0.210523 0.980651 1.0 1.0 0.947326 0.22192 0.971509 0.99659 1.0 0.913174 0.162269 0.984386 1.0 0.90874 1.0 0.151639 0.934736 1.0 0.971134 1.0 0.113183 0.910601 1.0 1.0 1.0 0.172205 0.21953 0.90051 0.950821 1.0 0.991269 0.999448 1.0 1.0 1.0 0.30116 0.00503529 0.0312398 0.733754 0.316396 0.77569 0.328389 0.385515 0.244489 0.968619 1.0 0.837297 1.0 0.00384091 0.256832 0.396632 0.41551 0.772641 0.867173 0.0870431 0.083666 0.0365305 0.629974 0.0779131 0.00192722 0.210523 0.980651 1.0 1.0 0.947326 0.22192 0.971509 0.99659 1.0 0.913174 0.162269 0.984386 1.0 0.90874 1.0 0.151639 0.934736 1.0 0.971134 1.0 0.113183 0.910601 1.0 1.0 1.0 0.172205 0.21953 0.90051 0.950821 1.0 0.991269 0.999448 1.0 1.0 1.0 0.30116 0.0872575 0.00422285 0.215153 0.0659436 0.208264 0.018139 0.0195578 0.046965 0.0580436 0.032248 0.117229 0.570707 0.874543 0.252747 0.00902508 0.092614 0.0014276 0.0439729 0.210323 0.713427 0.733137 0.105444 0.0856141 0.13672 0.504051 0.628434 0.328142 0.885739 0.849304 0.275462 0.34516 0.863669 0.237592 0.690966 0.361418 0.879442 0.266511 0.739304 0.759912 0.326374 0.781907 0.215153 0.0659436 0.668149 0.018139 0.0195578 0.046965 0.0104753 0.0580436 0.032248 0.117229 0.570707 0.874543 0.252747 0.00902508 0.0014276 0.0439729 0.210323 0.713427 0.733137 0.105444 0.0856141 0.13672 0.504051 0.628434 0.328142 0.885739 0.849304 0.275462 0.34516 0.863669 0.237592 0.690966 0.361418 0.879442 0.888474 0.266511 0.739304 0.40909 0.0876137 0.0521226 0.392266 1.0 1.0 0.755511 0.0313808 0.378625 1.0 1.0 0.789478 0.0193492 0.485653 1.0 1.0 0.77808 0.0284906 0.00341027 0.534757 1.0 1.0 0.837731 0.0156138 0.583725 1.0 1.0 0.848361 0.0652639 0.542567 1.0 1.0 0.886818 0.0893985 0.614661 0.593202 0.997887 0.99942 1.0 1.0 0.827795 0.78047 0.09949 0.0491787 0.00873089 0.0876137 0.0521226 0.392266 1.0 1.0 0.755511 0.0313808 0.378625 1.0 1.0 0.789477 0.0193492 0.485653 1.0 1.0 0.77808 0.0284906 0.00341027 0.534757 1.0 1.0 0.837731 0.0156138 0.583725 1.0 1.0 0.848361 0.0652639 0.542567 1.0 1.0 0.886818 0.0893985 0.614661 0.593202 0.997887 0.99942 1.0 1.0 0.827795 0.78047 0.09949 0.0491787 0.00873089 1.0 0.831341 0.866534 1.0 0.987349 0.912742 0.52305 0.784847 0.934056 0.187195 0.791736 0.117628 0.00409563 0.0679222 0.00671076 0.0996442 0.0653758 0.176523 0.601424 0.934002 0.882771 0.429293 0.767883 0.820358 1.0 0.652325 0.73685 1.0 0.948943 0.9448 0.425967 0.956027 0.998189 0.346955 0.920465 0.607011 0.538485 0.789677 0.286572 0.000409311 0.914386 0.86328 0.495949 0.371566 0.762408 0.309034 0.733489 0.260696 0.153586 1.0 0.866534 1.0 1.0 0.987349 0.188417 1.0 0.240087 0.218093 0.784847 0.934056 0.187195 0.0874928 0.00358644 0.117628 0.00409563 0.0679222 0.00671076 0.0996442 0.0653758 0.176523 0.601424 0.934002 0.882771 0.429293 0.820358 1.0 0.652325 0.73685 1.0 0.948943 0.9448 0.425967 0.956027 0.998189 0.346955 0.920465 0.60701 0.538485 0.789677 0.286572 0.000409311 0.914386 0.86328 0.495949 0.371566 0.762408 0.309034 0.00729731 0.733489 0.260696 0.59091 0.153586 1.0 0.118437 1.0 0.97121 0.93774 1.0 1.0 0.767734 1.0 1.0 1.0 0.925843 0.815514 1.0 1.0 1.0 1.0 1.0 1.0 1.0 1.0 1.0 1.0 1.0 1.0 0.751278 1.0 0.793834 0.6105 0.912386 0.947877 0.607734 0.621375 0.514347 0.465243 0.416275 0.457433 0.385339 0.406798 0.00211332 0.000580104 1.0 0.118437 1.0 0.97121 0.93774 1.0 1.0 0.767734 1.0 1.0 1.0 0.925843 0.815514 1.0 1.0 1.0 1.0 1.0 1.0 1.0 1.0 1.0 1.0 1.0 1.0 0.751278 1.0 0.793834 0.6105 0.912386 0.947877 0.607734 0.621375 0.514347 0.465243 0.416275 0.457433 0.385339 0.406798 0.00211332 0.000580104 0.168659 0.133466 0.0126511 0.47695 0.648143 0.0996429 0.316838 0.286637 0.287544 0.271842 0.296015 0.242887 0.21253 0.223126 0.759241 0.573332 0.804547 0.799633 0.367487 0.82746 0.812041 0.679706 0.626738 0.849504 0.0716619 0.0404499 0.399936 0.612781 0.476506 0.173016 0.495856 0.932078 0.878476 0.777255 0.204008 0.778049 0.645977 0.686766 0.398167 0.03375 0.232118 0.179642 0.347675 0.26315 0.0420317 1.0 1.0 0.870029 0.401261 0.0537725 0.574033 0.00181073 0.653045 0.0795353 0.392989 0.461515 0.480662 0.846414 0.240058 0.0228493 0.760782 0.735982 0.344714 0.00165989 0.00846947 0.201348 0.174391 0.449308 0.04626 0.0827269 0.000597711 0.069775 0.00277436 0.0625219 0.133466 0.0126511 0.811583 0.0196 0.316838 0.467175 0.286637 0.287544 0.271842 0.296015 0.242887 0.21253 0.573332 0.804547 0.98454 0.799633 0.367487 0.82746 0.912507 0.812041 0.626738 0.849504 0.0716619 0.0404499 0.399936 0.612781 0.476506 0.173016 0.495856 0.932078 0.878476 0.777255 0.204008 0.778049 0.645977 0.686766 0.398167 0.03375 0.179642 0.347675 0.26315 0.0420317 1.0 0.870029 0.401261 0.0537725 0.574033 0.00181073 0.653045 0.0795353 0.39299 0.461515 0.480662 0.846414 0.240058 0.0228493 0.760782 0.735982 0.344714 0.00165989 0.00846947 0.201348 0.174391 0.449308 0.04626 0.0827269 0.000597711 0.069775 0.00277436 0.0625219 1.0 1.0 1.0 1.0 0.881562 1.0 1.0 1.0 0.02879 0.06226 1.0 1.0 1.0 1.0 1.0 1.0 1.0 1.0 0.232266 0.074157 0.184486 0.248722 0.206166 0.3895 1.0 1.0 1.0 1.0 0.881562 1.0 1.0 1.0 0.02879 0.06226 1.0 1.0 1.0 1.0 1.0 1.0 1.0 1.0 0.232266 0.074157 0.184486 0.248722 0.206166 0.3895 0.0478256 0.130287 0.297699 0.158412 0.0456908 0.188473 0.0082581 0.200367 0.355933 0.00253577 0.175083 0.179041 0.185603 0.191794 0.358296 0.239535 0.0389052 0.00214701 0.0687631 0.14712 0.619935 0.0959771 0.00970738 0.704497 0.92332 0.0318302 0.129971 0.598739 0.448138 0.733191 0.957414 0.011703 0.433511 0.563848 0.620888 0.360684 0.0478256 0.130287 0.297699 0.158412 0.0456908 0.188473 0.0082581 0.200367 0.355933 0.00253577 0.175083 0.179041 0.185603 0.191794 0.358296 0.239535 0.0389052 0.00214701 0.0687631 0.14712 0.619935 0.0959771 0.00970738 0.704497 0.92332 0.0318302 0.129971 0.598739 0.448138 0.733191 0.957414 0.011703 0.433511 0.563848 0.620888 0.360684 0.351858 0.868866 0.707615 0.635336 0.583075 0.414756 0.569745 0.658295 0.757113 0.78747 0.776874 0.240759 0.238196 0.0389839 0.320294 0.194221 0.00334455 0.0197371 0.239218 0.252315 0.221775 0.988187 0.920934 0.857138 0.698918 0.162839 0.657177 0.150862 0.500447 0.108096 0.301258 0.0616496 0.112161 0.00405269 0.351949 0.683083 0.391996 0.34304 0.332499 0.287433 0.298996 0.234803 0.204721 0.190008 0.788212 0.95374 0.758858 0.876685 0.653486 0.875 0.698435 0.875 0.0905441 0.0349964 0.00394953 0.00050869 0.00986815 0.0724922 0.0259619 0.9804 0.704645 0.178878 0.635336 0.532825 0.583075 0.414756 0.569745 0.658295 0.757113 0.78747 0.238196 0.0154598 0.0389839 0.194221 0.00334455 0.0197371 0.239218 0.252315 0.221775 0.988187 0.920934 0.857138 0.698918 0.162839 0.657177 0.150862 0.500447 0.108096 0.301258 0.0616496 0.112161 0.00405269 0.351949 0.683083 0.391996 0.332499 0.287433 0.298996 0.234803 0.204721 0.190008 0.788212 0.95374 0.758858 0.876685 0.653486 0.875 0.698435 0.875 0.0905441 0.0349964 0.00394953 0.00050869 0.00986815 0.0724922 0.27658 0.170004 0.00673317 0.00401756 0.0128769 0.416446 0.619045 0.431388 0.336361 0.348882 0.782543 0.778313 0.99095 1.0 0.99766 1.0 1.0 1.0 1.0 0.367595 0.988822 0.0328681 0.742735 0.808206 0.641704 0.760465 0.920645 0.597917 0.314361 0.376374 0.207049 0.408167 0.114813 0.213037 0.0914951 0.0766796 0.122307 0.256817 0.136711 0.000408852 0.0712006 0.0234067 0.0086261 0.00814012 0.00540314 0.00106083 0.27658 0.170004 0.00673317 0.00401756 0.0128769 0.416446 0.619045 0.431388 0.336361 0.348882 0.782543 0.778313 0.99095 1.0 0.99766 1.0 1.0 1.0 1.0 0.367595 0.988822 0.0328681 0.742735 0.808206 0.641704 0.760465 0.920645 0.597917 0.314361 0.376374 0.207049 0.408167 0.114813 0.213037 0.0914951 0.0766796 0.122307 0.256817 0.136711 0.000408852 0.0712006 0.0234067 0.0086261 0.00814012 0.00540314 0.00106083 1.0 0.0314912 1.0 1.0 0.292385 1.0 1.0 1.0 1.0 1.0 1.0 1.0 1.0 1.0 1.0 1.0 1.0 1.0 1.0 1.0 1.0 1.0 1.0 1.0 1.0 1.0 1.0 0.993267 0.995982 1.0 1.0 1.0 0.961016 1.0 1.0 1.0 1.0 1.0 1.0 1.0 1.0 1.0 1.0 1.0 1.0 1.0 1.0 1.0 1.0 1.0 1.0 1.0 1.0 1.0 0.0118125 0.0790662 1.0 0.142862 1.0 0.301082 0.837161 1.0 1.0 0.342823 0.849138 1.0 1.0 0.499553 0.883278 1.0 0.690602 0.932947 0.998939 1.0 1.0 1.0 1.0 1.0 1.0 0.887839 0.995947 1.0 1.0 1.0 1.0 1.0 1.0 1.0 1.0 1.0 1.0 1.0 1.0 1.0 1.0 1.0 1.0 1.0 1.0 1.0 1.0 0.648051 0.316917 1.0 0.608004 0.65696 0.665841 0.704097 0.701004 0.211788 0.241142 0.0405878 0.345916 0.055225 0.29879 0.0624781 1.0 1.0 1.0 1.0 1.0 1.0 1.0 1.0 1.0 1.0 1.0 1.0 1.0 1.0 1.0 1.0 0.909456 1.0 1.0 1.0 1.0 1.0 1.0 0.965004 1.0 1.0 1.0 1.0 1.0 1.0 1.0 0.99605 1.0 1.0 0.999491 0.990132 1.0 1.0 1.0 1.0 1.0 1.0 1.0 1.0 1.0 1.0 1.0 1.0 1.0 1.0 1.0 1.0 1.0 1.0 1.0 1.0 1.0 1.0 1.0 1.0 1.0 1.0 1.0 1.0 1.0 1.0 1.0 1.0 1.0 1.0 1.0 1.0 1.0 1.0 1.0 1.0 1.0 1.0 1.0 1.0 1.0 1.0 1.0 1.0 1.0 1.0 1.0 1.0 1.0 1.0 1.0 1.0 1.0 1.0 1.0 1.0 1.0 1.0 1.0 1.0 0.927508 1.0 1.0 1.0 1.0 1.0 1.0 1.0 1.0 1.0 1.0 1.0 1.0 1.0 1.0 1.0 1.0 1.0 1.0 1.0 1.0 1.0 1.0 1.0 1.0 1.0 1.0 1.0 1.0 1.0 1.0 1.0 1.0 1.0 1.0 1.0 1.0 1.0 1.0 1.0 1.0 1.0 1.0 1.0 1.0 1.0 1.0 1.0 0.974038 1.0 0.295355 0.821122 1.0 1.0 1.0 1.0 1.0 1.0 1.0 1.0 1.0 1.0 1.0 1.0 1.0 1.0 1.0 1.0 0.993267 0.995982 1.0 1.0 1.0 0.961016 1.0 1.0 1.0 1.0 1.0 1.0 1.0 1.0 1.0 1.0 1.0 1.0 1.0 1.0 1.0 1.0 1.0 1.0 1.0 1.0 1.0 1.0 1.0 1.0 1.0 1.0 0.0118125 0.0790662 1.0 0.142862 1.0 1.0 0.301082 0.837161 1.0 1.0 0.342823 0.849138 1.0 1.0 0.499553 0.883278 1.0 0.690602 0.932947 0.998939 1.0 1.0 1.0 1.0 1.0 1.0 0.887839 0.995947 1.0 1.0 1.0 1.0 1.0 1.0 1.0 1.0 1.0 1.0 1.0 1.0 1.0 1.0 1.0 1.0 1.0 1.0 1.0 0.648051 0.316917 1.0 0.608004 0.665841 0.704097 0.701004 0.211788 0.241142 0.0405878 0.345916 0.055225 0.29879 0.0624781 1.0 1.0 1.0 1.0 1.0 1.0 1.0 1.0 1.0 1.0 1.0 1.0 1.0 1.0 1.0 1.0 0.909456 1.0 1.0 1.0 1.0 1.0 1.0 0.965004 1.0 1.0 1.0 1.0 1.0 1.0 1.0 0.99605 1.0 1.0 0.999491 0.990132 1.0 1.0 1.0 1.0 1.0 1.0 1.0 1.0 1.0 1.0 1.0 1.0 1.0 1.0 1.0 1.0 1.0 1.0 1.0 1.0 1.0 1.0 1.0 1.0 1.0 1.0 1.0 1.0 1.0 1.0 1.0 1.0 1.0 1.0 1.0 1.0 1.0 1.0 1.0 1.0 1.0 1.0 1.0 1.0 1.0 1.0 1.0 1.0 1.0 1.0 1.0 1.0 1.0 1.0 1.0 1.0 1.0 1.0 1.0 1.0 1.0 1.0 1.0 1.0 1.0 0.927508 1.0 1.0 1.0 1.0 1.0 1.0 1.0 1.0 1.0 1.0 1.0 1.0 1.0 1.0 1.0 1.0 1.0 1.0 1.0 1.0 1.0 1.0 1.0 1.0 1.0 1.0 1.0 1.0 1.0 1.0 1.0 1.0 1.0 1.0 1.0 1.0 1.0 1.0 1.0 1.0 1.0 1.0 1.0 1.0 1.0 1.0 1.0 1.0 1.0 1.0 0.583554 0.380955 0.568613 0.663639 0.651118 0.217458 0.221687 0.632405 0.0848225 0.000127109 0.0385644 0.221443 0.0279285 0.0864614 0.192796 0.172138 0.144161 0.172168 1.0 1.0 1.0 1.0 1.0 1.0 1.0 1.0 0.583554 0.380955 0.568613 0.663639 0.651118 0.217458 0.221687 0.632405 0.0848225 0.000127109 0.0385644 0.221443 0.0279285 0.0864614 0.192796 0.172138 0.144161 0.172168 1.0 1.0 0.850444 0.740266 1.0 0.996239 0.935114 0.47723 0.975491 0.872126 0.995385 0.926188 0.73018 0.791961 0.772496 0.89014 0.931266 0.927131 0.838629 0.749317 0.689329 0.679575 1.0 0.915178 0.743341 0.541389 0.421474 0.389792 0.504322 0.986287 0.61526 1.0 0.999663 0.992386 1.0 0.977621 0.572798 0.779706 0.466225 0.30281 0.505277 0.40992 0.30429 0.313462 0.144575 0.456588 0.15033 0.363908 0.054679 0.448715 0.442772 0.473369 0.279911 0.243225 0.101753 0.0349535 0.141585 0.0198321 0.0290025 0.0136562 0.263105 0.0219558 0.0502371 0.0805042 0.0100383 0.0339728 0.41498 0.264539 0.0159313 0.0194773 0.0676175 0.0506 0.0748681 0.077602 0.0382535 0.0936344 0.159171 0.149414 0.0218517 0.137603 0.196093 0.0253195 0.213402 0.0222232 0.0829238 0.00609239 0.106003 0.0762793 0.00193619 0.0276415 0.0418669 0.00913105 0.025322 0.00820137 0.202892 0.0501415 0.0957361 0.0172251 0.665899 0.961767 1.0 0.999873 0.961436 0.778557 0.972072 0.779535 0.807204 0.827862 0.720738 0.819721 1.0 1.0 0.850444 0.740266 1.0 0.996239 0.935114 0.47723 0.975491 0.872126 0.995385 0.926188 0.73018 0.791961 0.772496 0.89014 0.931266 0.927131 0.838629 0.749317 0.689329 0.679575 1.0 0.915178 0.743341 0.541389 0.421472 0.389792 0.504322 0.986287 0.61526 1.0 0.999663 0.992386 1.0 0.977621 0.5728 0.779706 0.466225 0.30281 0.505277 0.40992 0.30429 0.313462 0.144575 0.456588 0.15033 0.363908 0.054679 0.448715 0.442772 0.473369 0.279911 0.243225 0.101753 0.0349535 0.141585 0.0198321 0.0290025 0.0136562 0.263105 0.0219558 0.0502372 0.0805042 0.0100383 0.0339728 0.41498 0.264539 0.0159313 0.0194773 0.0676175 0.0506 0.0748681 0.077602 0.0382535 0.0936344 0.159171 0.149414 0.0218517 0.137603 0.196093 0.0253195 0.213402 0.0222232 0.0829238 0.00609239 0.106003 0.0762793 0.00193619 0.0276415 0.0418669 0.00913105 0.025322 0.00820137 0.202892 0.0501415 0.0957361 0.0172251 0.665899 0.961767 1.0 0.999873 0.961436 0.778557 0.972072 0.779535 0.807204 0.827862 0.720738 0.819721 0.0498933 0.0339553 0.00461516 0.19955 0.0693171 0.0639939 0.00761431 0.236617 0.426332 0.608534 0.396349 0.520689 0.338757 0.203144 0.0862077 0.0194904 0.0245024 0.0105301 0.211844 0.165535 0.0373712 0.840973 0.877724 0.197265 0.830625 0.897227 0.239507 0.772993 0.899777 0.427337 0.808512 0.863719 0.156675 0.119491 0.0329606 0.00277155 0.761565 0.89609 0.88148 0.871105 0.325784 0.200355 0.0758135 0.237971 0.0607542 0.00376111 0.064886 0.472877 0.0245094 0.0939191 0.10986 0.0687341 0.0035516 0.0137131 0.38474 0.000337028 0.427203 0.353464 0.424633 0.212527 0.695103 0.862219 0.868403 0.149412 0.833913 0.943706 0.859084 0.154051 0.754051 0.806481 0.88385 0.142711 0.736895 0.959241 0.838106 0.176427 0.0320534 0.0856583 0.00584238 0.216968 0.00804672 0.58502 0.61597 0.976771 0.942573 0.840898 0.8854 0.106071 0.156023 0.170817 0.00708026 0.149555 0.231202 0.0477965 0.0819801 0.00472972 0.256659 0.433603 0.360897 0.203268 0.176721 0.274107 0.370362 0.392432 0.691744 0.58682 0.119033 0.422176 0.731162 0.19815 0.0466477 0.285863 0.414133 0.0150049 0.334101 0.038233 0.134003 0.135101 0.00811039 0.00808346 0.0702694 0.114181 0.0973776 0.0941274 0.00531364 0.01508 0.0155779 0.269378 0.416109 0.556831 0.301105 0.241137 0.239743 0.0767362 0.0138199 0.00321289 0.154198 0.0197882 0.0462294 0.00130362 0.849319 0.834222 0.115171 0.896182 0.850887 0.110765 0.723775 0.844744 0.140396 0.803138 0.852386 0.239277 0.239371 0.25315 0.768107 0.776148 0.848401 0.845929 0.034894 0.216974 0.196746 0.0238937 0.0272464 0.00483632 0.050951 0.00261218 0.0938585 0.220017 0.156556 0.179551 0.310381 0.00587456 0.480598 0.00680087 0.040947 0.0490773 0.69719 0.494723 0.270429 0.298594 0.242307 0.0262158 0.103227 0.0727222 0.0136838 0.0016475 0.616946 0.874887 0.645423 0.607161 0.857999 0.671543 0.757183 0.885907 0.638334 0.917076 0.92129 0.706829 0.843046 0.923721 0.924371 0.927279 0.416678 0.490503 0.0202662 0.0281678 0.00376111 0.064886 0.472877 0.0245094 0.0939191 0.10986 0.0687341 0.0035516 0.0137131 0.38474 0.000337028 0.4272 0.353464 0.424633 0.212527 0.695103 0.862219 0.868403 0.149412 0.833913 0.943706 0.859084 0.154051 0.754051 0.806481 0.88385 0.142711 0.736895 0.959241 0.838106 0.176427 0.0320534 0.0856583 0.00584238 0.216968 0.00804672 0.58502 0.61597 0.976771 0.942573 0.840898 0.8854 0.106071 0.156023 0.170817 0.00708026 0.0498933 0.0339553 0.00461516 0.19955 0.0693171 0.0639939 0.00761431 0.236617 0.426332 0.608534 0.396349 0.520689 0.338757 0.203144 0.0862077 0.0194904 0.0245024 0.0105301 0.211844 0.165535 0.0373712 0.840973 0.877724 0.197265 0.830625 0.897227 0.239507 0.772993 0.899777 0.427337 0.808512 0.863719 0.156675 0.119491 0.0329606 0.00277155 0.761565 0.89609 0.88148 0.871105 0.325784 0.200355 0.0758135 0.237971 0.0607542 0.0938585 0.220017 0.156556 0.179551 0.310381 0.00587456 0.480598 0.00680087 0.040947 0.0490773 0.69719 0.494723 0.270429 0.298594 0.242307 0.0262158 0.103227 0.0727222 0.0136838 0.0016475 0.616946 0.874887 0.645423 0.607161 0.857999 0.671543 0.757183 0.885907 0.638334 0.917076 0.92129 0.706829 0.843046 0.923721 0.924371 0.927279 0.416678 0.490503 0.0202662 0.0281678 0.00808346 0.0702694 0.114181 0.0973776 0.0941274 0.00531364 0.01508 0.0155779 0.269378 0.416109 0.556831 0.301105 0.241137 0.239743 0.0767362 0.0138199 0.00321289 0.154198 0.0197882 0.0462294 0.00130362 0.849319 0.834222 0.115171 0.896182 0.850887 0.110765 0.723775 0.844744 0.140396 0.803138 0.852386 0.239277 0.239371 0.25315 0.768107 0.776148 0.848401 0.845929 0.034894 0.216974 0.196746 0.0238937 0.0272464 0.00483632 0.050951 0.00261218 0.149555 0.231202 0.0477965 0.0819801 0.00472972 0.256659 0.433603 0.360898 0.203268 0.176721 0.274107 0.370362 0.392432 0.691744 0.58682 0.119033 0.422176 0.731162 0.19815 0.0466477 0.285863 0.414133 0.0150049 0.334101 0.038233 0.134003 0.135101 0.00811039 0.108456 0.802735 0.895091 0.22403 0.0634675 0.0969307 0.760493 0.896273 0.211445 0.067695 0.0921762 0.572662 0.892328 0.188251 0.00331719 0.116493 0.843325 0.902055 0.29544 0.11852 0.127592 0.674216 0.799645 0.850585 0.835268 0.0862475 0.135549 0.0166199 0.112107 0.850587 0.778345 0.108581 0.0259321 0.140916 0.845949 0.792165 0.14043 0.00510284 0.0143275 0.0787788 0.857289 0.65977 0.0188031 0.161894 0.823573 0.532117 0.08456 0.00729781 0.00498891 0.159102 0.111828 0.893929 0.843978 0.587517 0.578609 0.0285314 0.0179317 0.00748623 0.0491395 0.0250086 0.217629 0.401066 0.00262599 0.210591 0.186866 0.134199 0.0283446 0.169955 0.180379 0.754204 0.972359 0.211158 0.872248 0.839101 0.66856 1.0 0.568693 0.243516 0.0752525 0.541297 0.991799 0.598958 0.903211 0.618401 0.585867 0.96777 1.0 0.962166 0.947889 0.395349 0.348641 0.165778 0.884829 0.751302 0.149112 0.889235 0.796386 0.155256 0.859604 0.759971 0.147614 0.760723 0.823857 0.0314137 0.790341 0.822167 0.760629 0.74685 0.151599 0.154071 0.222652 0.875 0.383054 0.0683677 0.092788 0.328457 0.856704 0.148133 0.0021684 0.0870332 0.361666 0.803931 0.101931 0.0726174 0.293171 0.868491 0.109602 0.0710809 0.0727211 0.583323 0.509498 0.875 0.875 0.378134 0.426577 0.0166199 0.112107 0.850587 0.778345 0.108581 0.0259321 0.140916 0.845949 0.792165 0.14043 0.00510284 0.0143275 0.0787788 0.857289 0.65977 0.0188031 0.161894 0.823573 0.532117 0.08456 0.00729781 0.00498891 0.159102 0.111828 0.893929 0.843978 0.587517 0.578609 0.108456 0.802735 0.895091 0.22403 0.0634675 0.0969307 0.760493 0.896273 0.211445 0.067695 0.0921762 0.572662 0.892328 0.188251 0.00331719 0.116493 0.843325 0.902055 0.29544 0.11852 0.127592 0.674216 0.799645 0.850585 0.835268 0.0862475 0.135549 0.222652 0.875 0.383054 0.0683677 0.092788 0.328457 0.856704 0.148133 0.0021684 0.0870332 0.361666 0.803931 0.101931 0.0726174 0.293171 0.868491 0.109602 0.0710809 0.0727211 0.583323 0.509498 0.875 0.875 0.378134 0.426577 0.165778 0.884829 0.751302 0.149112 0.889235 0.796386 0.155256 0.859604 0.759971 0.147614 0.760723 0.823857 0.0314137 0.790341 0.822167 0.760629 0.74685 0.151599 0.154071 0.0285314 0.0179317 0.00748623 0.0491395 0.0250086 0.21763 0.401066 0.00262599 0.210591 0.186866 0.134199 0.0283446 0.169955 0.180379 0.754204 0.972359 0.211158 0.872248 0.839101 0.66856 1.0 0.568693 0.243516 0.0752525 0.541297 0.991799 0.598958 0.903211 0.618401 0.585867 0.96777 1.0 0.962166 0.947889 0.395349 0.348641 0.104909 0.77597 1.0 0.936532 0.103727 0.788555 1.0 0.932305 0.107672 0.811749 1.0 1.0 0.0979446 0.70456 1.0 1.0 0.149415 0.164732 0.913752 0.864451 1.0 1.0 1.0 1.0 0.221655 1.0 0.891419 0.207835 1.0 0.85957 0.34023 1.0 1.0 0.467883 1.0 0.91544 0.412483 0.421391 1.0 1.0 1.0 1.0 1.0 1.0 0.819621 0.245796 1.0 1.0 0.788842 0.127752 1.0 1.0 1.0 0.33144 1.0 1.0 0.924748 0.458703 0.0378341 0.0521112 0.604651 0.651359 1.0 1.0 1.0 1.0 1.0 1.0 0.248698 1.0 1.0 1.0 0.203614 1.0 1.0 1.0 0.240029 1.0 1.0 1.0 0.176142 0.968586 1.0 1.0 1.0 1.0 1.0 1.0 1.0 1.0 0.209659 0.177833 1.0 1.0 0.777348 0.123352 0.143296 0.851867 1.0 1.0 0.196069 0.898069 1.0 1.0 0.131509 0.890398 1.0 1.0 0.104734 0.0968322 0.621866 0.573423 1.0 1.0 1.0 1.0 0.221655 1.0 0.891419 0.207835 1.0 0.85957 0.34023 1.0 1.0 0.467883 1.0 0.91544 0.412483 0.421391 1.0 1.0 1.0 1.0 0.104909 0.77597 1.0 0.936532 0.103727 0.788555 1.0 0.932305 0.107672 0.811749 1.0 1.0 0.0979446 0.70456 1.0 1.0 0.149415 0.164732 0.913752 0.864451 1.0 1.0 1.0 1.0 1.0 1.0 0.777348 0.123352 0.143296 0.851867 1.0 1.0 0.196069 0.898069 1.0 1.0 0.131509 0.890398 1.0 1.0 0.104734 0.0968322 0.621866 0.573423 1.0 1.0 1.0 1.0 0.248698 1.0 1.0 1.0 0.203614 1.0 1.0 1.0 0.240029 1.0 1.0 1.0 0.176142 0.968586 1.0 1.0 1.0 1.0 1.0 1.0 1.0 1.0 0.209659 0.177833 1.0 1.0 0.819621 0.245796 1.0 1.0 0.788842 0.127752 1.0 1.0 1.0 0.33144 1.0 1.0 0.924748 0.458703 0.0378341 0.0521112 0.604651 0.651359 1.0 1.0 1.0 1.0 1.0 1.0
          </float_array>
          <technique_common>
            <accessor count="2741" source="#npc000-male1591-skin-weights-array" stride="1">
              <param type="float" name="WEIGHT"></param>
            </accessor>
          </technique_common>
        </source>
        <source id="npc000-male1591-skin-poses">
          <float_array count="832" id="npc000-male1591-skin-poses-array">
            1.0000 0.0000 -0.0000 -0.0000
            -0.0000 0.9848 -0.1739 -9.3055
            0.0000 0.1739 0.9848 -1.7534
            0.0000 0.0000 0.0000 1.0000

            0.9563 0.1064 0.2724 -2.0064
            0.0904 -0.9934 0.0707 9.1583
            0.2781 -0.0430 -0.9596 0.1074
            0.0000 0.0000 0.0000 1.0000

            0.9563 -0.1064 -0.2724 2.0064
            -0.0904 -0.9934 0.0707 9.1583
            -0.2781 -0.0430 -0.9596 0.1074
            0.0000 0.0000 0.0000 1.0000

            1.0000 0.0000 0.0000 0.0000
            0.0000 0.9832 -0.1824 -10.6369
            0.0000 0.1824 0.9832 -1.8449
            0.0000 0.0000 0.0000 1.0000

            0.9563 0.1064 0.2724 -2.0064
            0.1182 -0.9926 -0.0273 4.8214
            0.2675 0.0584 -0.9618 -0.3856
            0.0000 0.0000 0.0000 1.0000

            0.9563 -0.1064 -0.2724 2.0064
            -0.1182 -0.9926 -0.0273 4.8214
            -0.2675 0.0584 -0.9618 -0.3856
            0.0000 0.0000 0.0000 1.0000

            1.0000 -0.0000 0.0000 0.0000
            0.0000 0.9912 -0.1324 -11.2579
            -0.0000 0.1324 0.9912 -1.2776
            0.0000 0.0000 0.0000 1.0000

            0.9985 0.0549 0.0057 -2.0015
            0.0195 -0.4477 0.8940 0.1173
            0.0516 -0.8925 -0.4481 0.6308
            0.0000 0.0000 0.0000 1.0000

            0.9985 -0.0549 -0.0057 2.0015
            -0.0195 -0.4477 0.8940 0.1173
            -0.0516 -0.8925 -0.4481 0.6308
            0.0000 0.0000 0.0000 1.0000

            1.0000 0.0000 -0.0000 -0.0000
            -0.0000 0.9709 0.2393 -12.2833
            0.0000 -0.2393 0.9709 3.4554
            0.0000 0.0000 0.0000 1.0000

            0.9985 0.0549 0.0057 -2.0015
            -0.0057 0.0000 1.0000 -1.4558
            0.0549 -0.9985 0.0003 -0.0246
            0.0000 0.0000 0.0000 1.0000

            0.9985 -0.0549 -0.0057 2.0015
            0.0057 0.0000 1.0000 -1.4558
            -0.0549 -0.9985 0.0003 -0.0246
            0.0000 0.0000 0.0000 1.0000

            0.2276 -0.1423 -0.9633 2.6278
            -0.9633 -0.1775 -0.2014 2.4278
            -0.1423 0.9738 -0.1775 -13.8529
            0.0000 0.0000 0.0000 1.0000

            0.2276 0.1423 0.9633 -2.6278
            0.9633 -0.1775 -0.2014 2.4278
            0.1423 0.9738 -0.1775 -13.8529
            0.0000 0.0000 0.0000 1.0000

            1.0000 0.0000 0.0000 0.0000
            0.0000 0.9982 -0.0607 -15.0097
            0.0000 0.0607 0.9982 -1.0630
            0.0000 0.0000 0.0000 1.0000

            -0.7494 0.6558 -0.0913 -10.5645
            -0.6579 -0.7531 -0.0096 9.3011
            -0.0751 0.0528 0.9958 -1.0961
            0.0000 0.0000 0.0000 1.0000

            -0.7494 -0.6558 0.0913 10.5645
            0.6579 -0.7531 -0.0096 9.3011
            0.0751 0.0528 0.9958 -1.0961
            0.0000 0.0000 0.0000 1.0000

            1.0000 -0.0000 0.0000 0.0000
            0.0000 0.9998 0.0190 -16.1195
            -0.0000 -0.0190 0.9998 0.2207
            0.0000 0.0000 0.0000 1.0000

            -0.7494 0.6558 -0.0913 -10.5645
            -0.5073 -0.4800 0.7157 3.8567
            0.4256 0.5826 0.6924 -5.6567
            0.0000 0.0000 0.0000 1.0000

            -0.7494 -0.6558 0.0913 10.5645
            0.5073 -0.4800 0.7157 3.8567
            -0.4256 0.5826 0.6924 -5.6567
            0.0000 0.0000 0.0000 1.0000

            0.3736 0.6761 0.6350 -6.8032
            -0.2588 -0.5815 0.7713 3.4312
            0.8908 -0.4525 -0.0422 9.3315
            0.0000 0.0000 0.0000 1.0000

            0.3736 -0.6761 -0.6350 6.8032
            0.2588 -0.5815 0.7713 3.4312
            -0.8908 -0.4525 -0.0422 9.3315
            0.0000 0.0000 0.0000 1.0000

            0.2398 0.4823 0.8425 -5.8983
            -0.4085 -0.7372 0.5382 3.8124
            0.8807 -0.4733 0.0202 9.4790
            0.0000 0.0000 0.0000 1.0000

            0.4291 0.3089 0.8488 -2.9093
            -0.2857 -0.8450 0.4520 5.8227
            0.8569 -0.4365 -0.2744 9.7394
            0.0000 0.0000 0.0000 1.0000

            0.7530 0.2093 -0.6239 3.0407
            0.6549 -0.3308 0.6795 5.0291
            -0.0642 -0.9202 -0.3861 10.5741
            0.0000 0.0000 0.0000 1.0000

            0.2879 0.5991 0.7471 -6.7833
            -0.3267 -0.6719 0.6647 3.1961
            0.9002 -0.4355 0.0023 9.1882
            0.0000 0.0000 0.0000 1.0000

            0.7306 0.5098 0.4543 -2.9500
            -0.1432 -0.5361 0.8319 2.2365
            0.6676 -0.6729 -0.3186 11.4100
            0.0000 0.0000 0.0000 1.0000

            0.4291 -0.3089 -0.8488 2.9093
            0.2857 -0.8450 0.4520 5.8227
            -0.8569 -0.4365 -0.2744 9.7394
            0.0000 0.0000 0.0000 1.0000

            0.2398 -0.4823 -0.8425 5.8983
            0.4085 -0.7372 0.5382 3.8124
            -0.8807 -0.4733 0.0202 9.4790
            0.0000 0.0000 0.0000 1.0000

            0.7306 -0.5098 -0.4543 2.9500
            0.1432 -0.5361 0.8319 2.2365
            -0.6676 -0.6729 -0.3186 11.4100
            0.0000 0.0000 0.0000 1.0000

            0.2879 -0.5991 -0.7471 6.7833
            0.3267 -0.6719 0.6647 3.1961
            -0.9002 -0.4355 0.0023 9.1882
            0.0000 0.0000 0.0000 1.0000

            0.7529 -0.2083 0.6243 -3.0515
            -0.6549 -0.3308 0.6795 5.0291
            0.0649 -0.9204 -0.3855 10.5711
            0.0000 0.0000 0.0000 1.0000

            0.2400 0.5053 0.8289 -6.0859
            -0.2018 -0.8092 0.5517 5.2984
            0.9496 -0.2997 -0.0922 8.4661
            0.0000 0.0000 0.0000 1.0000

            0.4244 0.3236 0.8457 -3.0716
            -0.1617 -0.8919 0.4224 6.7943
            0.8909 -0.3161 -0.3262 8.8755
            0.0000 0.0000 0.0000 1.0000

            0.8867 -0.2050 -0.4145 7.4879
            0.3083 -0.4060 0.8603 3.3532
            -0.3446 -0.8906 -0.2968 8.6977
            0.0000 0.0000 0.0000 1.0000

            0.2853 0.6095 0.7397 -6.8779
            -0.1382 -0.7376 0.6610 4.5082
            0.9484 -0.2908 -0.1262 8.4137
            0.0000 0.0000 0.0000 1.0000

            0.7358 0.5029 0.4536 -2.8505
            -0.0102 -0.6615 0.7499 4.1909
            0.6772 -0.5563 -0.4816 10.8156
            0.0000 0.0000 0.0000 1.0000

            0.4244 -0.3236 -0.8457 3.0716
            0.1617 -0.8919 0.4224 6.7943
            -0.8909 -0.3161 -0.3262 8.8755
            0.0000 0.0000 0.0000 1.0000

            0.2400 -0.5053 -0.8289 6.0859
            0.2018 -0.8092 0.5517 5.2984
            -0.9496 -0.2997 -0.0922 8.4661
            0.0000 0.0000 0.0000 1.0000

            0.7358 -0.5029 -0.4536 2.8505
            0.0102 -0.6615 0.7499 4.1909
            -0.6772 -0.5563 -0.4816 10.8156
            0.0000 0.0000 0.0000 1.0000

            0.2853 -0.6095 -0.7397 6.8779
            0.1382 -0.7376 0.6610 4.5082
            -0.9484 -0.2908 -0.1262 8.4137
            0.0000 0.0000 0.0000 1.0000

            0.8866 0.2052 0.4145 -7.4907
            -0.3083 -0.4060 0.8603 3.3532
            0.3449 -0.8905 -0.2967 8.6953
            0.0000 0.0000 0.0000 1.0000

            0.2385 0.4599 0.8553 -5.7359
            -0.2301 -0.8289 0.5099 5.1833
            0.9435 -0.3184 -0.0918 8.6124
            0.0000 0.0000 0.0000 1.0000

            0.4330 0.2975 0.8509 -2.7851
            -0.1478 -0.9078 0.3925 6.9408
            0.8892 -0.2957 -0.3491 8.7304
            0.0000 0.0000 0.0000 1.0000

            0.8914 -0.1846 -0.4138 7.2947
            0.2893 -0.4711 0.8333 3.6163
            -0.3488 -0.8625 -0.3665 8.6051
            0.0000 0.0000 0.0000 1.0000

            0.2903 0.5885 0.7546 -6.6963
            -0.1512 -0.7504 0.6434 4.3317
            0.9449 -0.3009 -0.1289 8.5017
            0.0000 0.0000 0.0000 1.0000

            0.7254 0.5164 0.4551 -3.0447
            0.0178 -0.6751 0.7375 4.2532
            0.6881 -0.5269 -0.4989 10.6381
            0.0000 0.0000 0.0000 1.0000

            0.4330 -0.2975 -0.8509 2.7851
            0.1478 -0.9078 0.3925 6.9408
            -0.8892 -0.2957 -0.3491 8.7304
            0.0000 0.0000 0.0000 1.0000

            0.2385 -0.4599 -0.8553 5.7359
            0.2301 -0.8289 0.5099 5.1833
            -0.9435 -0.3184 -0.0918 8.6124
            0.0000 0.0000 0.0000 1.0000

            0.7254 -0.5164 -0.4551 3.0447
            -0.0178 -0.6751 0.7375 4.2532
            -0.6881 -0.5269 -0.4989 10.6381
            0.0000 0.0000 0.0000 1.0000

            0.2903 -0.5885 -0.7546 6.6963
            0.1512 -0.7504 0.6434 4.3317
            -0.9449 -0.3009 -0.1289 8.5017
            0.0000 0.0000 0.0000 1.0000

            0.8913 0.1849 0.4139 -7.2969
            -0.2893 -0.4711 0.8333 3.6163
            0.3490 -0.8625 -0.3664 8.6032
            0.0000 0.0000 0.0000 1.0000

          </float_array>
          <technique_common>
            <accessor count="52" source="#npc000-male1591-skin-poses-array" stride="16">
              <param type="float4x4"></param>
            </accessor>
          </technique_common>
        </source>
        <joints>
          <input semantic="JOINT" source="#npc000-male1591-skin-joints"/>
          <input semantic="INV_BIND_MATRIX" source="#npc000-male1591-skin-poses"/>
        </joints>
        <vertex_weights count="1591">
          <input offset="0" semantic="JOINT" source="#npc000-male1591-skin-joints"/>
          <input offset="1" semantic="WEIGHT" source="#npc000-male1591-skin-weights"/>
          <vcount>
            1 1 1 1 1 1 1 1 1 1 1 1 1 1 1 1 1 1 1 1 1 1 1 1 1 1 1 1 1 1 1 1 1 1 1 1 1 1 1 1 1 1 2 1 1 1 1 1 1 1 1 1 1 1 1 1 1 1 1 1 1 1 1 1 1 1 1 1 1 1 1 1 1 1 1 1 1 1 1 1 1 1 1 1 1 1 1 1 1 1 1 1 1 1 1 1 1 1 1 1 1 1 1 1 1 1 1 1 2 2 1 1 2 1 1 1 1 1 1 1 2 1 1 1 1 1 1 2 1 1 1 1 1 1 1 1 1 1 1 1 1 1 1 1 3 3 3 3 3 2 2 2 3 3 3 2 3 3 2 1 2 2 1 1 1 1 1 1 1 1 1 1 1 1 1 1 1 1 1 1 1 2 2 1 1 1 1 1 1 2 3 3 1 3 2 1 1 2 2 1 1 2 2 1 1 2 1 2 2 3 1 3 2 3 4 2 3 2 2 2 3 2 2 2 2 2 2 2 2 2 2 2 2 2 2 3 2 2 2 2 2 2 2 2 2 2 2 3 2 2 1 3 1 2 2 1 2 2 2 2 2 3 3 3 4 3 2 3 3 3 2 3 3 3 3 2 2 3 3 4 2 3 3 2 2 2 2 3 3 1 1 1 2 2 1 2 2 2 2 1 1 2 2 2 2 1 1 1 2 2 1 1 2 1 2 1 2 2 1 1 2 1 2 1 2 2 1 1 2 2 1 2 2 2 1 1 2 2 1 1 2 2 1 1 2 2 2 1 2 2 1 1 1 1 1 1 2 2 2 2 1 3 2 3 3 3 2 2 2 1 1 3 3 1 2 1 1 1 3 2 2 1 1 2 2 2 1 1 1 1 1 1 2 2 3 3 2 2 2 4 2 3 1 1 2 2 2 3 2 1 1 2 2 2 4 4 1 1 2 2 2 4 3 3 4 2 3 2 1 1 2 2 4 3 2 2 2 2 1 1 1 1 1 1 1 1 2 2 2 2 3 1 1 1 2 2 2 3 1 1 1 2 2 2 3 1 1 1 2 2 2 3 1 1 1 1 2 2 2 2 2 2 3 2 4 3 1 1 1 1 2 2 2 2 3 2 4 3 3 2 1 1 2 2 2 3 4 1 1 2 2 2 3 3 2 1 2 2 2 3 4 2 1 2 2 2 3 4 2 1 2 2 2 3 2 1 1 2 2 3 4 4 2 1 2 2 2 4 3 2 1 2 2 3 4 3 3 3 3 3 3 2 2 2 3 3 3 2 2 2 1 2 2 1 1 2 1 2 1 2 2 1 1 2 2 2 2 2 2 1 2 1 1 1 1 1 1 1 1 1 1 1 1 2 2 1 1 1 2 1 1 1 1 1 1 1 1 1 1 2 2 1 1 1 1 2 1 1 1 1 3 3 3 3 3 3 3 3 3 2 2 4 4 2 3 1 2 2 1 2 2 3 4 3 3 2 2 1 4 4 3 3 3 2 2 3 3 3 4 2 3 2 3 2 2 1 3 2 1 1 1 1 1 1 1 1 1 1 2 2 1 1 1 1 2 1 2 2 2 2 2 2 2 2 1 1 1 1 1 1 1 1 2 2 2 2 1 1 1 1 1 3 1 3 3 2 1 1 1 1 1 1 1 1 1 1 1 1 2 1 1 1 2 2 1 1 1 1 1 1 1 1 1 1 1 3 3 2 2 3 3 2 2 3 3 3 3 2 3 2 2 1 1 1 1 1 2 2 2 1 2 2 1 2 1 1 2 2 1 2 1 1 2 2 1 1 2 1 1 1 1 1 1 1 1 1 1 1 1 1 1 1 1 1 1 1 1 1 1 1 1 1 1 1 1 1 1 1 1 1 1 1 1 1 1 1 1 1 1 1 1 1 1 2 1 1 1 1 1 1 1 1 1 1 1 1 1 1 1 1 1 1 1 1 1 1 1 1 1 1 1 1 1 1 1 1 1 1 1 1 1 1 1 1 1 1 1 1 1 1 1 1 1 1 1 1 1 1 1 1 1 1 1 1 1 1 1 1 2 2 1 1 2 1 1 1 1 1 1 1 2 1 1 1 1 1 1 2 1 1 1 1 1 1 1 1 1 1 1 1 1 1 1 1 3 3 3 3 3 2 2 2 3 3 3 2 3 3 2 2 1 2 2 1 1 1 1 1 1 1 1 1 1 1 1 1 1 1 1 1 1 1 1 2 2 1 1 1 1 1 1 2 3 3 1 3 2 1 1 2 2 1 1 2 2 1 2 1 2 2 3 1 3 2 3 4 2 3 2 2 2 2 2 2 2 2 2 2 2 2 2 2 2 2 3 2 2 2 2 2 2 2 2 2 2 2 3 2 2 1 1 2 3 1 2 2 1 2 2 2 2 2 2 3 3 3 4 3 2 3 3 3 2 3 3 3 3 2 2 3 3 4 2 3 3 2 2 2 2 3 3 1 1 1 2 2 1 2 2 2 2 1 1 2 2 2 2 1 1 1 2 2 1 1 2 1 2 1 2 2 1 1 2 1 2 1 2 2 1 1 2 2 1 2 2 2 1 1 2 2 1 1 2 2 1 1 2 2 2 1 2 2 1 1 1 1 1 1 2 2 2 2 1 3 2 3 3 3 2 2 2 1 1 3 3 1 2 1 1 1 3 2 2 1 1 2 2 2 1 1 1 1 1 1 2 2 3 3 2 2 2 4 2 3 1 1 2 2 2 3 2 1 1 2 2 2 4 4 1 1 2 2 2 4 3 3 4 2 3 2 1 1 2 2 4 3 2 2 2 2 1 1 1 1 1 1 1 1 2 2 2 2 3 1 1 1 2 2 2 3 1 1 1 2 2 2 3 1 1 1 2 2 2 3 1 1 1 1 2 2 2 2 2 2 3 2 4 3 1 1 1 1 2 2 2 2 3 2 4 3 3 2 1 1 2 2 2 3 4 1 1 2 2 2 3 3 2 1 2 2 2 3 4 2 1 2 2 2 3 4 2 1 2 2 2 3 2 1 1 2 2 3 4 4 2 1 2 2 2 4 3 2 1 2 2 3 4 3 3 3 3 3 3 2 2 3 3 3 2 2 2 1 2 2 1 2 1 2 1 2 2 1 1 2 2 2 2 2 2 1 2 1 1 1 1 1 1 1 1 1 1 1 1 2 2 1 1 1 2 1 1 1 1 1 1 1 1 1 1 2 2 1 1 1 1 2 1 1 1 1 3 3 3 3 3 3 3 3 3 2 2 4 4 2 3 1 2 2 1 2 2 3 4 3 3 2 2 1 4 4 3 3 3 2 2 3 3 3 4 2 3 2 3 2 2 1 3 2 1 1 1 1 1 1 1 1 1 1 2 2 1 1 1 1 2 1 2 2 2 2 2 2 2 2 1 1 1 1 1 1 1 1 2 2 2 2 1 1 3 2 1 3 2 1 1 1 1 1 1 1 1 1 1 2 1 1 1 2 2 1 1 1 1 1 1 1 1 1 1 1 1 1 3 3 2 3 3 2 2 2 2 3 3 3 3 3 2 2 1 1 1 1 1 1 1 1 1 2 2 1 1 3 1 2 2 2 2 1 2 2 1
          </vcount>
          <v>
